      1.9756068
      1.7826364
      2.1368580
      1.7849622
      2.0066539
      2.1489671
      2.0067212
      1.8946726
      2.0925064
      2.0401399
      2.4249353
      2.0743442
      2.2041925
      2.1566816
      1.9744316
      1.9326373
      1.8625690
      2.2616842
      1.8128316
      1.4655268
      1.8454521
      1.8956869
      1.5969424
      2.0100736
      1.8210750
      1.9973667
      1.9630639
      1.8641091
      1.9852523
      2.1716492
      2.0753824
      1.8501456
      2.2804614
      2.1611801
      1.9329535
      2.1345138
      2.2423046
      2.0092961
      1.9429771
      2.2301736
      1.7371449
      1.9737836
      1.9058082
      2.0144541
      2.3346533
      1.9979515
      1.9188784
      1.9369487
      1.8786080
      1.6807347
      1.8023757
      2.1594278
      2.2209403
      1.7348861
      1.8056502
      2.3139141
      2.0317478
      1.9676191
      2.2836346
      1.6012720
      2.1135912
      1.9971705
      2.1031201
      1.7604914
      2.2233494
      2.1114663
      1.7128555
      1.9771947
      2.1882010
      1.9562317
      1.9164191
      1.7903346
      1.9730307
      1.7798113
      2.1492215
      1.9835111
      2.0191697
      1.9866512
      2.0037688
      2.2283483
      1.9684301
      2.2655378
      2.2204322
      2.0901143
      2.0265218
      2.0118017
      2.0253834
      1.6295125
      2.1981206
      1.9547682
      2.1860137
      2.1981810
      1.8516195
      2.0085271
      2.4009557
      1.9756478
      2.1551629
      1.4286854
      2.2690626
      1.9471137
